0 0.505533853125 0.010995371875 0.4951171875 0.012152778125 0.49641927187499996 0.047453703125 0.507161459375 0.046296296875 0.505533853125 0.010995371875
0 0.616536459375 0.052083334375 0.607259375 0.044560184375 0.599283853125 0.07523148125 0.6082359375 0.08391203750000001 0.616536459375 0.052083334375
0 0.70703125 0.176504628125 0.7016604156249999 0.16406296250000002 0.6865234375 0.184896296875 0.692708334375 0.19907407500000002 0.70703125 0.176504628125
0 0.7626953125 0.370949075 0.759928646875 0.354166665625 0.7410484375 0.36429444375000003 0.743327084375 0.380498146875 0.7626953125 0.370949075
0 0.763509375 0.620949075 0.765461978125 0.602141665625 0.745768228125 0.5954861124999999 0.7436526031249999 0.6131370375 0.763509375 0.620949075
0 0.694010415625 0.799189815625 0.6884765625 0.8104740749999999 0.702473959375 0.834779628125 0.708984375 0.8214694437500001 0.694010415625 0.799189815625
0 0.6635744781249999 0.899595371875 0.65234375 0.871527778125 0.6453453125 0.8796296281249999 0.6440432281249999 0.880498146875 0.6547854156249999 0.90914351875 0.6635744781249999 0.899595371875
0 0.525 0.971875 0.009375 0.034375
0 0.42317708437499996 0.9293981468749999 0.41390000000000005 0.921296296875 0.40999375000000005 0.94039351875 0.406738540625 0.953703703125 0.41585312500000005 0.9606481468749999 0.42317708437499996 0.9293981468749999
0 0.324381771875 0.8067129625 0.318522396875 0.7942712968750001 0.30419947812500003 0.81539351875 0.304361978125 0.815683334375 0.31005885312500003 0.8295722218750001 0.324381771875 0.8067129625
0 0.2548828125 0.634259259375 0.257486978125 0.65133148125 0.276692709375 0.641203703125 0.273600521875 0.625578703125 0.2548828125 0.634259259375
0 0.2861328125 0.24594907500000002 0.281413021875 0.260127778125 0.2976890625 0.27806759375 0.3035484375 0.26417870312499997 0.2861328125 0.24594907500000002
0 0.2918296875 0.230035184375 0.286946875 0.243634259375 0.302408853125 0.2618638875 0.307291665625 0.247396296875 0.2918296875 0.230035184375
0 0.373046875 0.084201853125 0.37255833437499997 0.08478055625 0.364583334375 0.09461851875 0.374674478125 0.12210648125000001 0.383138021875 0.11226851874999999 0.373046875 0.084201853125