0 0.463913540625 0.013227778125 0.466890103125 0.046296296875 0.478050521875 0.042327778125 0.47395833437499996 0.0079361125 0.463913540625 0.013227778125
0 0.474702603125 0.0079361125 0.478050521875 0.0443120375 0.48697916562500004 0.042327778125 0.483258853125 0.0059527781250000005 0.474702603125 0.0079361125
0 0.599780728125 0.0350879625 0.589090103125 0.028264815625000002 0.582784896875 0.062377778125000005 0.5929276031249999 0.0677388875 0.599780728125 0.0350879625
0 0.710800521875 0.1832361125 0.704769790625 0.17056574062500002 0.6899671875 0.19152037187499998 0.695997915625 0.205652778125 0.710800521875 0.1832361125
0 0.7582234375 0.34892777812500003 0.739309375 0.3577 0.742050521875 0.37524351875 0.760690625 0.366959259375 0.7582234375 0.34892777812500003
0 0.7486291656249999 0.55068240625 0.7472588531250001 0.568225925 0.765625 0.573099075 0.7642541656249999 0.55409351875 0.7486291656249999 0.55068240625
0 0.712719271875 0.743177778125 0.7075109375 0.757797221875 0.7225875 0.776802778125 0.728344271875 0.763158334375 0.712719271875 0.743177778125
0 0.6118421875 0.9103314812500001 0.619791665625 0.941033334375 0.629111978125 0.9342101843749999 0.619791665625 0.901559259375 0.6118421875 0.9103314812500001
0 0.434484896875 0.9293370375000001 0.428728125 0.962475925 0.437773959375 0.9678361125 0.444353125 0.9366472218749999 0.434484896875 0.9293370375000001
0 0.492324478125 0.950779628125 0.490954165625 0.98148148125 0.501096353125 0.98294351875 0.50191875 0.950779628125 0.492324478125 0.950779628125
0 0.2774125 0.6291425937499999 0.257675521875 0.640350925 0.260965103125 0.65789444375 0.2807015625 0.6466861125000001 0.2774125 0.6291425937499999
0 0.333333334375 0.811403703125 0.32730260312500004 0.79970740625 0.3119515625 0.8235870375 0.3188046875 0.83625740625 0.333333334375 0.811403703125
0 0.2905703125 0.22124722187499998 0.2856359375 0.23586759375000002 0.302083334375 0.253899075 0.306469271875 0.241227778125 0.2905703125 0.22124722187499998
0 0.25 0.41179351875 0.24890364687500002 0.42836296249999994 0.2680921875 0.432748146875 0.268640103125 0.415691665625 0.25 0.41179351875