0 0.49929947812500003 0.0102370375 0.48935312499999994 0.01116759375 0.491133334375 0.045600925 0.500241665625 0.04485648125 0.49929947812500003 0.0102370375
0 0.38048645937500003 0.0740620375 0.389117709375 0.102089815625 0.396340103125 0.094573146875 0.38841302187500004 0.06607592500000001 0.38048645937500003 0.0740620375
0 0.3797203125 0.075248146875 0.37219531250000004 0.083274075 0.381413540625 0.11103240625 0.389032290625 0.10267129687500001 0.3797203125 0.075248146875
0 0.25277604062500003 0.394589815625 0.2513671875 0.411600925 0.269447915625 0.41723611250000003 0.26997604062499997 0.398450925 0.25277604062500003 0.394589815625
0 0.272030728125 0.60581759375 0.26997604062499997 0.5902675937499999 0.250134375 0.596841665625 0.25353906249999997 0.6153138874999999 0.272030728125 0.60581759375
0 0.32339583437499997 0.7983638875 0.317936459375 0.7859444437499999 0.30220416562499997 0.80713055625 0.308191665625 0.8216361125 0.32339583437499997 0.7983638875
0 0.399475521875 0.947496296875 0.40775260312499995 0.915248146875 0.398946875 0.9086740750000001 0.390317709375 0.9398777781250001 0.399475521875 0.947496296875
0 0.528035415625 0.955740740625 0.5282703125 0.99049259375 0.5380734375 0.9895537031250001 0.537604165625 0.9544879625 0.528035415625 0.955740740625
0 0.584214584375 0.9383120375 0.590436978125 0.97014259375 0.600240625 0.963775925 0.5937244781250001 0.9306935187500001 0.584214584375 0.9383120375
0 0.687532290625 0.8150611124999999 0.701561978125 0.8385425937500001 0.707902084375 0.824871296875 0.6937546875 0.802329628125 0.687532290625 0.8150611124999999
0 0.743417709375 0.609991665625 0.7636703125000001 0.6170879625000001 0.764903125 0.598929628125 0.764844271875 0.5991379625000001 0.7458828125 0.5920416656249999 0.743417709375 0.609991665625
0 0.764961459375 0.39761666562500003 0.7626135406250001 0.38039722187499997 0.7431828125 0.388328703125 0.745941665625 0.40586111249999995 0.764961459375 0.39761666562500003
0 0.7197598968750001 0.206322221875 0.713302603125 0.19275555625000002 0.697922396875 0.213523146875 0.70396875 0.228133334375 0.7197598968750001 0.206322221875
0 0.626128646875 0.102065740625 0.634581771875 0.070548146875 0.62589375 0.06146851875 0.616853646875 0.093299075 0.626128646875 0.102065740625