0 0.557091146875 0.01780648125 0.554086459375 0.050925925000000004 0.5635015625 0.053774999999999996 0.567908853125 0.022079628125 0.557091146875 0.01780648125
0 0.4453125 0.027421296875 0.449719790625 0.05982870312500001 0.459535415625 0.055199075 0.45532864687499996 0.020655556250000002 0.4453125 0.027421296875
0 0.670672915625 0.11182314687499999 0.663661978125 0.10007129687500001 0.651642709375 0.12535648125 0.658453646875 0.135683334375 0.6592546875 0.137464815625 0.670672915625 0.11182314687499999
0 0.740985415625 0.26673796250000004 0.724158853125 0.280983334375 0.728165103125 0.295584259375 0.745592709375 0.282050925 0.740985415625 0.26673796250000004
0 0.769030209375 0.5089027781250001 0.751602603125 0.507478703125 0.751402084375 0.524928703125 0.767428125 0.525997221875 0.769030209375 0.5089027781250001
0 0.720352603125 0.724002778125 0.715344790625 0.738960184375 0.732972915625 0.757478703125 0.737780209375 0.741452778125 0.720352603125 0.724002778125
0 0.687099478125 0.811253703125 0.680088021875 0.82265 0.693309375 0.848290740625 0.700520834375 0.8361824062500001 0.687099478125 0.811253703125
0 0.5809296875000001 0.9711537031249999 0.575721353125 0.9358972218750001 0.5655046875 0.9419518531250001 0.570713021875 0.9768518531250001 0.5809296875000001 0.9711537031249999
0 0.45873385312500004 0.9462249999999999 0.454727603125 0.9807694437500001 0.46474374999999996 0.98504259375 0.46854947812500003 0.9501425937500001 0.45873385312500004 0.9462249999999999
0 0.35176302187499997 0.8571935187499999 0.33874218749999996 0.881766665625 0.346153646875 0.8942305562499999 0.3583734375 0.867877778125 0.35176302187499997 0.8571935187499999
0 0.29266822812500004 0.7211537031249999 0.289463021875 0.7065527781250001 0.27223541562500003 0.720798146875 0.27624218749999996 0.73646759375 0.29266822812500004 0.7211537031249999
0 0.283854165625 0.3393870375 0.2666265625 0.32799166562500004 0.263221353125 0.34472962812499996 0.2802484375 0.3554129625 0.283854165625 0.3393870375
0 0.266025521875 0.3262111125 0.283453646875 0.338675 0.286858853125 0.32514259375 0.26983177187499996 0.310897221875 0.266025521875 0.3262111125
0 0.346955209375 0.165954628125 0.333934375 0.14245000000000002 0.32692291562500003 0.154558334375 0.34014427187499996 0.17841851875 0.346955209375 0.165954628125