0 0.573465103125 0.01900555625 0.5633223968750001 0.016569443750000003 0.559210415625 0.05068240625 0.569353125 0.055068518749999996 0.573465103125 0.01900555625
0 0.462719271875 0.05409351875 0.458607290625 0.02046759375 0.447642709375 0.023878703125 0.452851040625 0.058479628125 0.462719271875 0.05409351875
0 0.741502084375 0.256822221875 0.741228125 0.256335184375 0.723684375 0.27095555625 0.727247915625 0.285575 0.745340103125 0.271929628125 0.741502084375 0.256822221875
0 0.7319078125 0.30214444375 0.7491776031249999 0.287524075 0.745340103125 0.27095555625 0.727795834375 0.2870370375 0.7319078125 0.30214444375
0 0.7538375 0.47514629687500004 0.7538375 0.492689815625 0.771107290625 0.49220277812499996 0.7719296875 0.474659259375 0.7538375 0.47514629687500004
0 0.725603125 0.704678703125 0.7212171875 0.719298146875 0.7368421875 0.736841665625 0.742324478125 0.7217351843750001 0.725603125 0.704678703125
0 0.661732290625 0.852826853125 0.660909896875 0.8533138875 0.653234896875 0.8645222218749999 0.663103125 0.8898638875 0.6713265625 0.880604628125 0.661732290625 0.852826853125
0 0.556469271875 0.942495371875 0.556469271875 0.94298240625 0.560306771875 0.9770953718750001 0.5707234375 0.972222221875 0.5663375 0.938596296875 0.556469271875 0.942495371875
0 0.4449015625 0.940545371875 0.44078958437500004 0.9736842593749999 0.450109896875 0.97855740625 0.454495834375 0.94493148125 0.4449015625 0.940545371875
0 0.336622915625 0.829922221875 0.322916665625 0.854775925 0.329769790625 0.865984259375 0.3432015625 0.8425925937500001 0.336622915625 0.829922221875
0 0.259868228125 0.6681287031250001 0.278508853125 0.65740740625 0.275767709375 0.6423 0.257127084375 0.652047221875 0.257127084375 0.654483334375 0.259868228125 0.6681287031250001
0 0.273574478125 0.294834259375 0.2694625 0.31042870312500004 0.2886515625 0.324074075 0.291940625 0.308479628125 0.273574478125 0.294834259375
0 0.24890364687500002 0.5589666656250001 0.2680921875 0.55653055625 0.266721353125 0.539474075 0.25027395937499997 0.5414231468749999 0.24808124999999998 0.55116944375 0.24890364687500002 0.5589666656250001
0 0.336622915625 0.1398638875 0.348684375 0.16374259375 0.3555375 0.153508334375 0.3432015625 0.12768055625000002 0.336622915625 0.1398638875