0 0.4796875 0.009259259374999999 0.46796875 0.0129629625 0.472916665625 0.0495370375 0.483333334375 0.046296296875 0.4796875 0.009259259374999999
0 0.611197915625 0.043981481249999996 0.6015625 0.0361111125 0.594270834375 0.071759259375 0.60390625 0.078240740625 0.611197915625 0.043981481249999996
0 0.666666665625 0.103240740625 0.658854165625 0.09259259375 0.646875 0.12129629687500001 0.654947915625 0.13148148125 0.666666665625 0.103240740625
0 0.752083334375 0.307870371875 0.748177084375 0.291203703125 0.729947915625 0.30740740624999996 0.7333333343749999 0.322222221875 0.752083334375 0.307870371875
0 0.7705729156250001 0.49814814687500003 0.7528645843749999 0.5 0.75234375 0.517129628125 0.767447915625 0.517129628125 0.770833334375 0.508796296875 0.7705729156250001 0.49814814687500003
0 0.7255208343749999 0.713425925 0.720833334375 0.73009259375 0.73671875 0.745370371875 0.7421875 0.729629628125 0.7255208343749999 0.713425925
0 0.658333334375 0.8625 0.651041665625 0.8736111125000001 0.662239584375 0.9004629625 0.669791665625 0.890277778125 0.658333334375 0.8625
0 0.44192708437499995 0.9379629625 0.43671875 0.971759259375 0.44609375 0.9763888875 0.45052083437499996 0.9416666656249999 0.44192708437499995 0.9379629625
0 0.45494791562500003 0.979166665625 0.459895834375 0.9449074062499999 0.45052083437499996 0.9416666656249999 0.4453125 0.9754629625 0.45494791562500003 0.979166665625
0 0.35 0.8462962968750001 0.33697916562499997 0.871296296875 0.344010415625 0.884259259375 0.35651041562499997 0.858796296875 0.35 0.8462962968750001
0 0.26171875 0.665740740625 0.265104165625 0.683333334375 0.283072915625 0.671759259375 0.2796875 0.654166665625 0.26171875 0.665740740625
0 0.2765625 0.270833334375 0.27239583437500003 0.28796296250000003 0.290885415625 0.304166665625 0.294791665625 0.2870370375 0.2765625 0.270833334375
0 0.25078125 0.48657407499999994 0.2671875 0.4875 0.267447915625 0.46990740625000005 0.2484375 0.46851851875 0.24817708437500002 0.47453703750000004 0.25078125 0.48657407499999994
0 0.352864584375 0.10648148125000001 0.345572915625 0.11898148125 0.357552084375 0.14444444375 0.365364584375 0.133333334375 0.352864584375 0.10648148125000001