0 0.565104165625 0.014549999999999999 0.559895834375 0.050264815625 0.5703125 0.056878703125 0.5758927093749999 0.018518518749999997 0.565104165625 0.014549999999999999
0 0.5859375 0.027116665625 0.5758927093749999 0.0211638875 0.570684375 0.05423240625 0.580729165625 0.060185184375 0.5859375 0.027116665625
0 0.685640103125 0.132275 0.678943228125 0.12037037187499999 0.665550521875 0.1461638875 0.672619271875 0.15806851875 0.685640103125 0.132275
0 0.758556771875 0.3465611125 0.7555802093749999 0.330026853125 0.736234896875 0.34126944375 0.739583334375 0.35714259375 0.758556771875 0.3465611125
0 0.74921875 0.529629628125 0.747916665625 0.546759259375 0.765104165625 0.55 0.7666666656250001 0.5314814812499999 0.74921875 0.529629628125
0 0.7372395843749999 0.732870371875 0.71953125 0.7138888875 0.71484375 0.729629628125 0.73125 0.747222221875 0.732291665625 0.749074075 0.7372395843749999 0.732870371875
0 0.658854165625 0.8981481468749999 0.6484375 0.86898148125 0.640104165625 0.88009259375 0.65078125 0.9083333343750001 0.658854165625 0.8981481468749999
0 0.519791665625 0.954166665625 0.52109375 0.9879629624999999 0.530989584375 0.986574075 0.529427084375 0.952777778125 0.519791665625 0.954166665625
0 0.409114584375 0.9171296281249999 0.4 0.9087962968750001 0.3921875 0.94305555625 0.401302084375 0.9504629625 0.409114584375 0.9171296281249999
0 0.36015625 0.8629629624999999 0.35390625 0.8513888875 0.339583334375 0.8796296281249999 0.347916665625 0.890740740625 0.36015625 0.8629629624999999
0 0.267447915625 0.46481481562500004 0.247395834375 0.464351853125 0.249479165625 0.48379629687500003 0.267447915625 0.482870371875 0.267447915625 0.46481481562500004
0 0.261458334375 0.66898148125 0.265104165625 0.6873703718749999 0.285416665625 0.67301851875 0.281510415625 0.6558888875 0.261458334375 0.66898148125
0 0.3515625 0.10462962812500001 0.362760415625 0.129629628125 0.37109375 0.11898148125 0.359375 0.091666665625 0.3515625 0.10462962812500001
0 0.28359375 0.24398148125 0.27890625 0.259259259375 0.296354165625 0.2754629625 0.300260415625 0.258796296875 0.28359375 0.24398148125